id	logFC	AveExpr	t	P.Value	adj.P.Val	B
DPP10	-1.72143032258064	4.80214434831461	-8.92214376905328	4.93532432398622e-14	1.12900479235509e-09	21.0475335015554
DPP10-AS1	-1.38487559020311	6.66006228089888	-8.31002690690103	9.23249541587942e-13	1.05601282566829e-08	18.3320884808502
OLFM4	1.81674985902031	12.6438376179775	7.4142559568128	6.40704923174522e-11	4.88558860751346e-07	14.3899380105641
AFAP1L2	0.601315116487456	6.4469418988764	6.80512717379956	1.0811731998717e-09	3.78869497112363e-06	11.7580719031529
CLDN8	-3.18782200776583	8.41184024719101	-6.78990667345004	1.15933138651274e-09	3.78869497112363e-06	11.6930471060665
MYEOV	1.11793252329749	8.02105789887641	6.68571123199331	1.86719652999339e-09	5.29024779286057e-06	11.2490319175515
EDIL3	-0.827742581242532	7.16598696629213	-6.55238779728735	3.42477363203285e-09	7.83451216063834e-06	10.6839080226833
GHR	-1.55081195519713	6.55900986516854	-6.34320623715463	8.80128461563111e-09	1.83034715333798e-05	9.80467193485153
DEFA5	3.29819841756272	8.30316625842697	6.29625655145939	1.08627088660539e-08	1.98706033155573e-05	9.60867029123616
GLRX	0.624671974910397	10.7308391910112	6.2552026115576	1.30515288162534e-08	2.1326198085758e-05	9.43770506795543
CD55	1.56443211051374	10.2362616292135	6.17060402034555	1.90267300523824e-08	2.90170317785533e-05	9.08668495291052
HCP5	0.651113519115894	8.8520115505618	6.06939091116344	2.97957729408799e-08	3.84740830359456e-05	8.66908371716685
BACE2	0.943033271206691	9.1320526741573	6.06579115127681	3.02733648647937e-08	3.84740830359456e-05	8.65428000681887
CFB	0.767488430704902	7.6887148988764	6.02073332775937	3.69294471495231e-08	4.44630543680258e-05	8.46927365536364
LPCAT1	1.09643576164875	7.94176340449438	5.95251230268711	4.98413560494036e-08	5.42938505231504e-05	8.19020159878549
REG3A	1.58147841218638	6.65423761797753	5.92736195750467	5.56482099950131e-08	5.77905025265363e-05	8.08764245346322
PXMP2	-0.801665442054961	9.60169435955056	-5.89607080598298	6.38098970508218e-08	5.8388608197384e-05	7.9602900585214
NHEJ1	-0.695339088410991	8.67992466292135	-5.87555517514245	6.97894554918091e-08	6.08313962507524e-05	7.87694413963506
PTGDR	-0.62708626284349	5.96607842696629	-5.8690511957939	7.17978535919879e-08	6.08313962507524e-05	7.8505465408784
REG1A	3.14991391995222	9.10924042696629	5.79733646930716	9.80869134257797e-08	7.75856087455026e-05	7.56029511153224
EPHA2	0.728384620071683	7.3793384494382	5.73098152601732	1.30731492328409e-07	9.71394944460934e-05	7.29309802225274
C12orf5	0.587687501194738	9.10673902247191	5.70915957464166	1.43642580636691e-07	0.000102686489832654	7.20551846443553
REG4	1.4725560842294	9.09869780898876	5.66077824868266	1.76903447609403e-07	0.000116326767423224	7.01187334666953
FUT8	0.676195147550779	7.2146197752809	5.6593682187252	1.7797853032929e-07	0.000116326767423224	7.00624074081639
TPK1	0.948265584826766	8.24977010112359	5.64424448829929	1.89921112608984e-07	0.000120684315890087	6.94586597416927
THRB	-0.75209153823178	6.94952135955056	-5.57697598901695	2.53301534606291e-07	0.000141329900137891	6.67821372349
ME1	0.7750911827957	7.61012949438202	5.55945401802508	2.72965876062609e-07	0.000142141476479493	6.60873737254818
FHL2	0.63956367562724	11.2844206292135	5.55017110784896	2.8398333195942e-07	0.000142141476479493	6.57197064034757
GXYLT2	-0.826364966547191	6.34506276404494	-5.54865484394337	2.85823916683716e-07	0.000142141476479493	6.56596789236151
FAM189A1	-0.644397200119472	6.06407701123596	-5.53552528005984	3.0225932780674e-07	0.000147116688998021	6.51402102445343
L1TD1	1.09700989008363	7.30894498876405	5.50365801674888	3.46105535394075e-07	0.000158371054941153	6.38817787834789
SATB2-AS1	-0.943339657108725	6.83220262921348	-5.50259877735251	3.47665341211885e-07	0.000158371054941153	6.38400081599364
TMEM98	-0.652947146953409	10.4983388314607	-5.4989615307453	3.5307413018005e-07	0.000158371054941153	6.36966037980584
LIPG	0.970040413978495	7.57196415730337	5.48797848031231	3.69912457423979e-07	0.000162733026462134	6.32638505020302
PSMB9	1.05982070131422	10.6409988764045	5.48163887989907	3.79987812083569e-07	0.000163790090119939	6.30142441510216
HMGCS2	-2.005803109319	9.04050117977528	-5.46781069793685	4.02907632230811e-07	0.000166816739189483	6.24702676781408
TRIM22	1.53512259796894	9.36879498876404	5.44788924525716	4.38327849231927e-07	0.00017591557682508	6.1687742900916
ERRFI1	0.882730565710872	9.27016564044944	5.43009126176852	4.72543147623783e-07	0.000180164950750694	6.09897856129519
GABRP	1.01602771326165	5.15341480898876	5.41941537789253	4.94309030272801e-07	0.000185373989779026	6.05716522968103
HIF1A	0.637828799283151	12.4290577303371	5.41311052460956	5.0762173757482e-07	0.000187296046270348	6.0324901937798
C4BPB	1.45116587694146	8.51603624719101	5.39805856305743	5.40841211482296e-07	0.000193316930529203	5.97363820916213
ISG20	0.895032408004774	9.93120268539326	5.35102320197681	6.58978135301699e-07	0.00022820539378242	5.79024916720394
VNN1	1.53530222520908	6.52506701123596	5.34764479628867	6.68375650612962e-07	0.00022820539378242	5.77710722059602
ASRGL1	0.627151304062124	9.27192743820225	5.27391468856025	9.09455443812032e-07	0.000293023982149916	5.49132700396973
SGMS1	0.892158916965354	8.05800248314607	5.26387872697774	9.48247468936498e-07	0.000295090261173709	5.45258114738083
C9orf24	-0.605650808243726	6.75497484269663	-5.24039119485324	1.04547234662749e-06	0.000306618274377569	5.36204887059724
CLDN2	0.939418175029871	6.67894566292135	5.22212421793006	1.12776695756702e-06	0.00032656704963675	5.29178157633164
SLC6A14	2.71724998387097	7.87680271910112	5.18899756420312	1.29346798517546e-06	0.000356498477456312	5.16467477364666
C2	0.597778110513739	6.18984121348315	5.1564586172807	1.47931025587572e-06	0.000396295384549921	5.04023010402103
DMBT1	1.80146494862604	10.960001258427	5.15084764468796	1.51389318999721e-06	0.000398066903613518	5.01881217993136
NAP1L2	-0.723048116487456	5.07661533707865	-5.0576002594836	2.21871446303336e-06	0.000502527842142091	4.66467400355451
CDH3	0.900259983870967	6.82787240449438	5.05174830863074	2.27232222629509e-06	0.000509623953418886	4.6425640279822
TSPAN7	-0.78328135842294	9.70145410112359	-5.04360951033657	2.34898588550091e-06	0.000511317886528198	4.61183666206827
SERPINB5	0.894993274790919	6.26276583146067	5.04290797911441	2.35571092035859e-06	0.000511317886528198	4.60918933403333
DEFA6	2.01669023178016	8.45651203370786	5.04149822129934	2.36928204109062e-06	0.000511317886528198	4.60387001056486
C21orf88	-0.634192511350059	5.86888293258427	-5.03501736774521	2.43265832289412e-06	0.000515273072171537	4.57942663187957
LCN2	1.87527046714457	11.2216648202247	5.02615464592581	2.5220114662068e-06	0.0005292984798252	4.54602715795133
LYN	0.802430458183984	8.76215057303371	5.01727551362036	2.6147385015205e-06	0.00053706520037006	4.51259770865354
SLC26A2	-1.7526888823178	11.2389926853933	-5.01589509358863	2.62945018541033e-06	0.00053706520037006	4.50740337404084
ARFGAP3	0.706583783751494	10.0328698314607	5.01186136296068	2.67290352549498e-06	0.000541109212824984	4.49222942480457
TPH1	-0.651969083034648	5.66339280898876	-4.96887453881516	3.18173731828134e-06	0.000611642209184907	4.33093598014888
EPHX2	-0.759905969534048	8.47103919101124	-4.94157872425574	3.55263089431067e-06	0.000672674729127224	4.22891309347041
DUOX2	2.62789296774193	9.45777301123596	4.93759520910114	3.61016729019589e-06	0.000672674729127224	4.21404991387122
SPINK4	1.42467900358423	11.6392312359551	4.93166779280108	3.6974651293671e-06	0.000682122679833885	4.19194597240703
CASP1	0.946524986260457	10.1865764382022	4.92698935973509	3.7678175592424e-06	0.000684207111803626	4.17450999623304
HYAL1	0.902365314217444	7.67239285393258	4.9269389523455	3.76858262315339e-06	0.000684207111803626	4.17432218367532
ANO5	-0.710093119474315	6.63997031460674	-4.92481225128049	3.80099915282579e-06	0.000684658713543644	4.16639929280442
S100P	1.15858359916368	12.2662156629213	4.91638206623884	3.93219147389344e-06	0.000695451765024731	4.13501184674826
HLA-DMA	1.3039784832736	9.64088413483146	4.91469048850218	3.95904258271923e-06	0.000695451765024731	4.12871732659742
IFITM1	0.808957175029864	11.0863697191011	4.91322043550047	3.98252234736142e-06	0.000695451765024731	4.12324809898555
SLC13A2	-0.61908208303465	7.08256585393258	-4.90170402782368	4.1712170139433e-06	0.000715084524907573	4.08043365189143
SRD5A3	0.619841582437278	6.72386486516854	4.89482816514833	4.2879994252261e-06	0.000726609443344239	4.05489803941561
CYP4X1	1.03315087992831	5.81153564044944	4.88615086343629	4.43993063563174e-06	0.000734622771093221	4.0227008404254
CKB	-1.01992363560335	10.5608803258427	-4.87488336836357	4.64505566003216e-06	0.000750662769003456	3.98094049034539
ERO1L	0.661762916367978	9.26577852808989	4.87454605405318	4.65133660433451e-06	0.000750662769003456	3.97969114756532
CAPN13	-0.604920586618878	6.56715394382022	-4.86076938344514	4.9150514843152e-06	0.000773304426041324	3.92870675719276
S100A11	0.618940521505378	10.5800783820225	4.85925707938305	4.94487182381749e-06	0.000773304426041324	3.92311500770165
SLC39A5	-0.601963513739546	7.88315511235955	-4.84350262387671	5.2661889520068e-06	0.000808519050108104	3.86492131281761
RILPL2	0.825012655316605	8.33276521348315	4.84164828906113	5.30531976408176e-06	0.000809096632820896	3.85807881659566
PLAUR	0.734756964755078	8.74070631460674	4.82619981630484	5.64250595146683e-06	0.000833519606032992	3.80113173334584
DUOXA2	1.82069035603346	8.63640683146067	4.80218341722339	6.20848935503991e-06	0.00089889495244236	3.71280692079499
DUSP4	0.680279394265234	6.13094394382022	4.75596236300482	7.45722212186809e-06	0.00102765911602322	3.54353237916213
CARD6	1.00960995340502	6.5861968988764	4.74072941718572	7.91988717300631e-06	0.00106806356169833	3.48795234450983
ASS1	0.742919133213853	12.3697397640449	4.74026287571355	7.93448873798392e-06	0.00106806356169833	3.4862517206752
CDC25B	0.663035793906809	9.0867463258427	4.7401771502526	7.93717457111018e-06	0.00106806356169833	3.48593924721537
MMP7	1.14035782915173	7.07067165168539	4.73381728589002	8.13891650271104e-06	0.00107362478980376	3.46276639789288
PHLDA1	0.659961769414577	7.16034768539326	4.72118063321808	8.55465563941155e-06	0.00108119504092364	3.416777176668
BIRC3	0.930479261648748	8.54072025842697	4.71026617735206	8.93028058240442e-06	0.00111026684023415	3.3771134152864
RP11-33O4.1	-0.715301667861412	7.65935588764045	-4.70720881267306	9.03834181518206e-06	0.00111762760737354	3.36601240639004
ALDOB	0.758785594384705	5.95594173033708	4.69905727595888	9.33269859079567e-06	0.00114168349178097	3.33643557880769
CDHR1	-0.969802856630825	7.26939088764045	-4.68977255170814	9.67932197435273e-06	0.00116539036571207	3.30278379298951
ARNTL2	0.600139151732376	6.26012153932584	4.68813528517749	9.74172845317951e-06	0.00116676324657034	3.29685370249019
DDIT4	0.904524759259253	8.91313011235955	4.68417865999556	9.8941573808915e-06	0.00117640890915397	3.28252805306049
NCF2	1.25068543428913	7.05265926966292	4.6661296613581	1.06193730345636e-05	0.00123943253846264	3.21726905411294
ACSL1	0.855399336917562	8.36520405617978	4.66440187506235	1.06914423892503e-05	0.00124150982790097	3.21102978000909
AIFM3	-0.710234430107525	8.32069228089888	-4.65997657383875	1.08782022153439e-05	0.00125681693877882	3.19505564798611
HLA-DRB1	0.955201879928316	9.60676008988764	4.64882186785179	1.13631201786888e-05	0.00130624491059138	3.15483009821934
NPTX2	1.28915504958184	6.34378380898876	4.63804508306279	1.18514955999147e-05	0.00132895355483469	3.11602180919181
LGALS2	-0.848241796296291	9.45538028089888	-4.63145415462257	1.21601507644056e-05	0.00133572171119114	3.09231364969711
PDE6A	-0.786024969534049	6.69451093258427	-4.62868199504059	1.22922889134043e-05	0.00133830497472718	3.08234795166623
RTEL1-TNFRSF6B	1.02666891577061	7.77262633707865	4.62760408423318	1.23440439616819e-05	0.00133830497472718	3.07847390787964
PFKFB3	1.02497193010753	8.42793905617978	4.61065766948727	1.31860380184267e-05	0.00137028599459621	3.01763892736836
LOC101929549	-0.611134430704896	8.57821986516854	-4.60272989488278	1.35988080818253e-05	0.00137655690263032	2.98922538475209
TRPM6	-0.894508799880529	7.31930411235955	-4.60117625514595	1.36811559251812e-05	0.00137872300856584	2.98366050258381
CXCL1	1.89890277479092	8.58668751685393	4.59884416955657	1.38056721545032e-05	0.00138516910616849	2.97530947464353
FBXO6	0.774745378136199	8.14298270786517	4.58493222506866	1.457161365144e-05	0.00143809932584496	2.92554477219446
PCSK1	1.26469189904421	6.93250173033708	4.58148512131946	1.47676752376955e-05	0.00144369802879283	2.91322811765646
S100A8	1.68610128136201	6.74481285393258	4.56839118882708	1.55359900825497e-05	0.00148659197818501	2.86649394100091
ANXA5	0.58617395758662	10.9969486067416	4.56738928206586	1.55963487831965e-05	0.00148659197818501	2.86292132132138
DHRS11	-1.02546847610514	9.95875751685393	-4.56241569279878	1.58993565964576e-05	0.00150545005127155	2.84519342365857
ICOS	0.688401851254479	5.99832061797753	4.53988114228049	1.73452070453237e-05	0.00158083249549333	2.76501816244579
ISX	-1.02614731660693	9.44559350561798	-4.52884171905534	1.80992139089572e-05	0.00159226653614706	2.72582948913904
PROS1	-0.735188289127841	8.52829010112359	-4.52773536013875	1.81765064597176e-05	0.00159226653614706	2.72190525583058
ZBED2	0.704970318399043	4.9385993258427	4.52605056984336	1.82948237994527e-05	0.00159226653614706	2.71593046371881
LOC101928789	0.924668390083636	6.05880786516854	4.50514987721933	1.98260658794176e-05	0.00166659789256525	2.64192339193943
TAP1	0.679172180406212	9.72699103370786	4.50432442116058	1.98890201377126e-05	0.00166659789256525	2.63900485741663
ADH1C	-1.21634115352449	11.7645940337079	-4.49370068951798	2.07167233136981e-05	0.00170758405932966	2.60147228874984
FCGR3A	0.944772963560335	5.89621885393258	4.4923287038406	2.08260164606127e-05	0.00170758405932966	2.59662918118371
FAM101A	-0.65428089307049	8.28646311235955	-4.49082138382778	2.09467337181435e-05	0.00171134814477233	2.591309394357
UGT2B28	-0.649467059139787	6.89602260674157	-4.48739592123147	2.12235933593749e-05	0.00171615176387535	2.57922399759726
SCUBE2	-0.765480514934287	6.67330465168539	-4.47344496333996	2.23881938933389e-05	0.00178450286935199	2.53006237896113
KYNU	0.909241354241341	6.45462371910112	4.47082627162248	2.26135844822615e-05	0.00179620957852852	2.52084495661012
AQP8	-2.51084453823178	10.0640086404494	-4.45984690690432	2.35827050787242e-05	0.00184752726500306	2.48223557636638
VNN2	1.01626225985663	6.90585008988764	4.4446731711779	2.49884151638745e-05	0.0019311992746243	2.42897362142059
SLC7A11	0.785569142771806	6.68337493258427	4.44256431241346	2.51900834575948e-05	0.00193391812757452	2.42158017346251
OSBPL3	0.690382267025087	6.98778601123596	4.43061257112941	2.63630923852177e-05	0.00198127985433529	2.3797199280772
STOM	0.809358399044204	7.84305511235955	4.43008659015067	2.64159099305937e-05	0.00198127985433529	2.37787932965855
PCK1	-2.03372625089605	9.5898393258427	-4.42341028387547	2.70952801080418e-05	0.00201244034984274	2.35452838706794
BRINP3	-0.990233695340502	4.95475416853933	-4.41867805606882	2.75870197120073e-05	0.00202919827309286	2.33799037399228
TMEM72	-0.636095641577059	6.75200141573034	-4.41772341718851	2.76872592795336e-05	0.00202985223200513	2.3346554819904
UGT2A3	-1.56361077837515	7.68922046067416	-4.41071048343263	2.84345033450488e-05	0.00205844208392828	2.3101706727238
ZC3H12D	0.765308000000005	7.72325991011236	4.40867075020602	2.86554754491681e-05	0.00206118296264571	2.30305377411091
VSNL1	0.710515768219834	6.65446533707865	4.40471691088753	2.90885453248546e-05	0.00206655143742662	2.2892641961636
SELL	1.57283638888889	7.63874988764045	4.40350813953682	2.92222013996264e-05	0.00206961944030295	2.285049985945
TCN1	1.4917107688172	6.32291096629213	4.39776442672339	2.98654451787864e-05	0.00208723549676162	2.26503528727769
EXPH5	-0.678494435483872	7.37620095505618	-4.39515900769806	3.01617186028243e-05	0.00209084689320669	2.25596179456899
CPXM1	0.740128802270013	6.21865075280899	4.38991788759429	3.07663337949431e-05	0.00210766527882038	2.23771961451324
IFITM3	0.688087598566307	11.6885260337079	4.38364550106125	3.15053140672386e-05	0.00213862185341884	2.21590607101076
ENTPD5	-0.677558148148153	8.68032934831461	-4.35944196604856	3.45208666511948e-05	0.0022777455192602	2.13191822315492
KLK1	-0.700381851851848	8.74740439325843	-4.35705756367417	3.48325894397635e-05	0.0022777455192602	2.12366014750238
C2CD4A	1.04316149761051	6.59157329213483	4.35541909886829	3.5048366094579e-05	0.0022777455192602	2.11798719588499
PROK2	1.44444296176822	5.06380746067416	4.32276210665323	3.96281938739371e-05	0.00246340913875051	2.0052007481471
MTCL1	0.908251252688172	6.48569402247191	4.30899177164717	4.17278171226218e-05	0.00256647508451513	1.95780532333772
GAPT	0.911177140382318	5.79554665168539	4.30894613568284	4.17349506661841e-05	0.00256647508451513	1.95764841246506
ART3	0.875884652927123	5.34514065168539	4.29744994386282	4.35699350594376e-05	0.00263108081986452	1.91815489343778
APOL1	0.806095381123056	8.14844888764045	4.29501427949023	4.39685753962722e-05	0.002634020017752	1.9097962307604
ANXA3	0.627069133811228	10.0013496404494	4.2945769198341	4.40405286502956e-05	0.002634020017752	1.9082956320351
BEST2	-1.1610005442055	8.64715369662921	-4.29028234418777	4.47531182972463e-05	0.00263858849012321	1.89356599798042
TIMP1	1.14946967502987	10.2297406741573	4.28374747272166	4.58588054903771e-05	0.00266050805296072	1.8711707768706
ABCA12	0.839970204898444	4.61488682022472	4.26542133458185	4.91018328603797e-05	0.00278970496736631	1.80848420377432
CDX2	-0.595878764635602	8.28592237078652	-4.26249535306875	4.96396670724866e-05	0.00281078471274803	1.79849167172674
TM4SF1	0.600072910394268	7.51026576404494	4.25755415699322	5.05608366502657e-05	0.00284128801468711	1.7816270687655
PIGZ	-0.772019916965355	9.27225285393259	-4.25740279400506	5.05893131072618e-05	0.00284128801468711	1.78111065804765
SAMD9L	0.759641028673836	7.33244191011236	4.25628869798039	5.07993879177754e-05	0.00284128801468711	1.7773100220488
CES2	-0.64374989545998	11.7475018314607	-4.25487694194966	5.10667972680168e-05	0.0028492781812272	1.77249487410291
CFI	1.05561073536439	6.85947720224719	4.24300489593884	5.33698469177932e-05	0.0029114050511675	1.73204337356169
CD72	0.889285028076463	6.26639233707865	4.23632458343117	5.47094068494819e-05	0.00294036731567589	1.70931396743452
PMEPA1	0.718980692951016	8.58648158426966	4.23625812938174	5.47228937372908e-05	0.00294036731567589	1.70908797834308
IL1R2	-0.868549664874553	10.3315697078652	-4.23433573546183	5.51144337047054e-05	0.0029526880220816	1.70255152867733
GATA6-AS1	-0.623371157108724	7.48397703370787	-4.23074607492857	5.58527852066418e-05	0.00296447404730194	1.69035128541684
SELENBP1	-0.801781646953408	12.3682663707865	-4.22482410196893	5.70917301741603e-05	0.00300236878037722	1.67023893901288
CCL11	1.20773909796894	7.68164807865169	4.22039472605801	5.80356608280695e-05	0.00302419994784264	1.65520782439151
RP11-216L13.19	-0.592392667861414	6.12870888764045	-4.21631951609255	5.89173739613841e-05	0.00304649081701871	1.64138768639742
REG1B	2.56441825149343	7.56525459550562	4.20644086059138	6.11085641065222e-05	0.00310725922771908	1.60792280412854
SLA	0.721237972520908	8.05721240449438	4.20174457273534	6.21775572435673e-05	0.00313989801214977	1.59203174518672
FCGR3B	1.6324098130227	7.38710943820225	4.1993282699825	6.27345576094062e-05	0.00315767699573413	1.58386012580444
KANK4	-0.630032057945043	5.75195833707865	-4.18854588893033	6.52791458398108e-05	0.00323986376689948	1.54743320544556
BTN3A3	0.81362294802867	7.74604629213483	4.18850019424176	6.52901379848163e-05	0.00323986376689948	1.54727896284987
CD19	0.973181052568695	7.16526494382022	4.18585285303915	6.5930021708824e-05	0.00325046374269625	1.53834474503782
GUCA2A	-1.46125748088411	10.7423642022472	-4.18407991097751	6.63619247651977e-05	0.00326472127081433	1.53236352101221
IDO1	1.76932711230585	8.42607858426966	4.18133252560832	6.70365917039356e-05	0.00327677152098126	1.52309820078194
CXCR2	1.14595554480287	6.11157488764045	4.17316904041478	6.90804272463054e-05	0.00332275268794179	1.49559125078961
NAMPT	0.836982019713265	8.96719634831461	4.15534518789006	7.37531907198098e-05	0.00348590493988919	1.43565717886295
CNTN3	-1.13813441099163	6.48870650561798	-4.15375609715901	7.41842400753037e-05	0.00349904881641783	1.43032199223124
KRT6B	0.665081670250897	6.73648487640449	4.14380565587047	7.69389226727987e-05	0.00357734714443688	1.39694535213
FOXQ1	0.983672689366784	7.06873553932584	4.1428161266694	7.7218177457137e-05	0.00358304873734172	1.39362909451998
CSTA	1.0034206702509	7.36650370786517	4.13899582358662	7.83054728454569e-05	0.0036042575388585	1.38083086851824
VSIG1	0.677583830943846	5.11980887640449	4.13375643914968	7.98206052141688e-05	0.00363017130194697	1.3632914218754
IFITM2	0.787213922939065	11.2647404382022	4.13021398433718	8.08609378316487e-05	0.00365568145027035	1.35144102982609
CHI3L1	1.37435529330944	6.6055838988764	4.12702733202684	8.18079013786857e-05	0.00368393218885594	1.34078667259982
ADRA2A	0.605571673835125	8.12451069662921	4.12358217686919	8.28436680679789e-05	0.00370175824522041	1.32927420048279
PI3	1.48969504659498	10.7076399775281	4.10701497041346	8.8002993439452e-05	0.00385662160521246	1.27400230344948
SPON1	-0.592194053763443	7.92751498876405	-4.09974000686181	9.03648036887205e-05	0.00391437672298516	1.24977848262448
CHP2	-1.33490946535245	10.1697085505618	-4.09875328708189	9.06897911864896e-05	0.00391437672298516	1.24649516889541
UBE2L6	0.806053701314221	9.80458237078652	4.09417796299239	9.22114501483361e-05	0.00395240062406771	1.23127769321389
C4BPA	1.27916751075269	7.48684512359551	4.09402768334937	9.22618435588458e-05	0.00395240062406771	1.2307780583932
CEMIP	0.690088869175626	6.44917095505618	4.0911464983622	9.3233122360977e-05	0.00398165879014852	1.22120136314929
MT1M	-1.32116212724015	7.74574097752809	-4.07460655769902	9.90016746163891e-05	0.00412525010660203	1.16631246316412
HLA-DMB	0.90763341099164	10.0388607640449	4.06752022626817	0.000101576594965283	0.00417175257886141	1.14284186120816
HLA-DQB1	0.939024811230579	8.77154707865169	4.05970410018085	0.000104491206681617	0.00426085711951634	1.11698611223298
FAM65B	0.794943155316608	6.12754592134831	4.05665716200332	0.000105648996563753	0.00429332509071041	1.1069159483328
RP6-99M1.2	0.618262198327359	4.77838947191011	4.04735636736444	0.000109259765201728	0.0043952610665191	1.07620838611062
CYP2C18	0.829310372162483	7.29212957303371	4.03206285085642	0.000115455701133516	0.00457740835204561	1.02581919352208
WARS	0.899917201314217	9.88213342696629	4.03155080012499	0.000115668871273319	0.00457792577724646	1.0241343274685
TNFAIP8	0.666724861409795	7.81652108988764	4.02054411689247	0.000120343305814389	0.00470593754497431	0.987952846419931
F3	0.775765237753884	8.69186213483146	4.01586303010708	0.000122385724646919	0.00473721799834672	0.97258547472534
VSIG2	-0.607760572879329	9.43774804494382	-4.01413152679904	0.000123149585496945	0.00475873296930426	0.96690427859701
MMP1	2.19195992532855	8.19670702247191	4.01284081904126	0.000123721957378134	0.00476200572270362	0.962670454429939
IL21R	0.592059857825567	5.70583404494382	4.00905548592894	0.000125415324350221	0.00478166826639278	0.950259035200215
ANXA1	0.75347361589008	7.31324358426966	4.00789030891647	0.000125941020560491	0.00478606922843007	0.946440241930034
NEURL1B	-0.674786842293905	9.5441695505618	-4.00398712508258	0.000127717457344865	0.00482919761028285	0.933653333539693
FGR	0.864329097371564	6.73760526966292	3.99690019597451	0.000131004440490528	0.00491655889638165	0.910458198221026
S100A9	1.13863816845878	8.07384605617978	3.99669138815442	0.000131102505979752	0.00491655889638165	0.909775208097369
KLRC1	-0.63540287037037	6.28067216853933	-3.99445548313958	0.000132157004484733	0.00494562746637998	0.902463311606259
SLC6A20	0.624192756272405	5.69564179775281	3.99242144380914	0.000133123352311123	0.00495249027884745	0.895813994961093
HEPACAM2	-0.954691854241339	10.0921121348315	-3.98619813964405	0.000136122180574305	0.00500631994022155	0.875484306475774
NXPE4	-0.892486732377535	10.2758965955056	-3.98439903641177	0.000137001101330012	0.00503055729378068	0.869611224213213
MT1E	-0.619918069892478	11.0703716292135	-3.97000894806205	0.000144229350764294	0.00518772111333961	0.822701076796167
INHBA	0.6412797520908	5.17342350561798	3.96260098273523	0.000148091380411002	0.00529156753043063	0.798597454046774
RARRES3	0.814097841099164	8.97911482022472	3.96164729521608	0.000148595704088616	0.00529482138120121	0.795496653152487
CBR3	0.591281574671446	7.28536431460674	3.93447310893315	0.00016367635127408	0.00566453889825394	0.707359799262542
LPL	0.662549369175627	6.06904113483146	3.93274902885894	0.000164680976776563	0.0056735572661757	0.701782079353613
CEBPB	0.708301847072882	9.81714594382023	3.93203934872581	0.000165096220164967	0.00567797665516559	0.699486624506574
MNDA	1.30758687335723	7.30292369662921	3.92556744971482	0.000168929502900155	0.0057678079229014	0.678566580471771
SERPINA3	1.10121811947431	7.04411078651685	3.9235850174367	0.000170120619223094	0.00579982009738822	0.672163267836842
CLC	1.24086353584229	7.59909001123595	3.9229476145551	0.000170505296856211	0.00580428448048019	0.67010491569707
SAA1	0.697851167264039	6.73482721348315	3.91939765237936	0.000172662988284117	0.00584295639051399	0.65864534629769
CTSH	0.716142591995219	9.84052288764045	3.91850633977877	0.000173208820474506	0.00585194889526493	0.655769248635126
VIPR1	-0.618861418160098	8.95463979775281	-3.91494046207295	0.000175409080833389	0.00587444330973869	0.644267384511877
MT1F	-0.772139499402625	10.1210334382022	-3.91144717298515	0.000177590444556859	0.00590488228151555	0.633006723165647
LCK	0.634402305854243	7.90673780898876	3.91004412825433	0.00017847384624606	0.00592564253515945	0.628485960679438
HLA-DRA	1.2988823990442	11.5818098314607	3.90933899961849	0.000178919402163465	0.00593182644042235	0.626214386110133
CA1	-0.835781313620071	8.67915787640449	-3.90396622664076	0.000182349429220618	0.00601937307770685	0.608915352310665
RUNDC3B	-0.768065409199521	6.65909349438202	-3.87270845521606	0.000203585113599747	0.0064863691625457	0.508602670642401
ACSF2	-0.600049473715648	8.73151230337079	-3.86982206426868	0.000205660978552549	0.00650514519192805	0.499368130643959
C5AR1	0.861965282556748	6.96380738202247	3.86916222422302	0.000206138359601932	0.00650514519192805	0.497257757859042
SLC16A4	0.716745741338114	4.82762865168539	3.86250229201916	0.000211016293170922	0.00662168549050481	0.475971380596232
TCL1A	0.964898535842293	7.10705173033708	3.84779761756077	0.000222179627233213	0.00684491831117561	0.429063871527099
RGS18	0.880797452807646	6.13772797752809	3.84691094558579	0.000222870473145585	0.00684491831117561	0.426239440147141
ANKRD22	0.61222359796894	9.60419758426966	3.84162430045157	0.000227032275628467	0.00694330258994227	0.409408729511986
RARRES2	-0.707623962962963	9.83956943820225	-3.8408190693178	0.000227672648577284	0.00695359079953797	0.406846606032938
RBM24	-0.830366111708483	5.8678684494382	-3.8383892190566	0.00022961548923992	0.00699387597284686	0.399117488338124
ISG15	0.667129419354838	8.55095484269663	3.83669188407562	0.000230982004021435	0.00699860175363488	0.39372047914546
NCF1	0.721905222222221	7.26209404494382	3.83627402090532	0.000231319611550982	0.00699956009767231	0.392392059880318
CORO1A	0.906588246714454	8.85262382022472	3.8157841213387	0.000248463988712677	0.00736505544811188	0.327378664300658
CXCL3	1.36861380227001	8.11594476404494	3.81394079972155	0.000250064383268734	0.00739072886691603	0.321541991307897
BCL2A1	1.33332968996416	7.20948319101124	3.81357248713355	0.000250385332744358	0.00739072886691603	0.320376010170604
IFI6	0.638331405615296	7.98429978651685	3.81046013858092	0.000253113175315155	0.00745201672909843	0.310526319909318
ST6GAL2	-0.850338146953403	4.66422349438202	-3.78685296778305	0.000274745919008467	0.00785635955404712	0.236002561212346
CCR3	0.635176137395459	5.54359243820225	3.77698842069386	0.000284297703458267	0.00803905347875318	0.204959651245254
SGK1	0.742021155913976	10.7134242808989	3.77158120113332	0.000289666848239977	0.0081146102953517	0.187968112916205
TPST2	0.677626147550773	8.22462165168539	3.7694226827879	0.000291837021063368	0.00813812704560473	0.181190087045573
CDKN2B-AS1	-0.632815151135007	4.7633157752809	-3.76876013863893	0.000292506242133001	0.00813812704560473	0.179110169508774
HAPLN1	-0.725222109916366	6.66122294382023	-3.76207155154085	0.000299344581041298	0.00827029786944533	0.158127413448486
SLC9A2	-0.58541335424134	6.4796733258427	-3.75737777801143	0.000304234041049512	0.00832682744369454	0.143418520777377
GNA15	0.629513746117085	7.19947025842697	3.74380340559265	0.000318805817425651	0.00859010822076465	0.100954598438556
SATB2	-0.6700584474313	8.25377030337079	-3.74123569895054	0.000321635872169741	0.00864185761211047	0.0929346033160341
CWH43	-1.00302231600956	8.57230442696629	-3.73793464955424	0.000325309328513415	0.00869366378396364	0.0826298911270085
BANK1	0.881817265830346	6.56201448314607	3.7293731132307	0.000335023657541032	0.00879702097690734	0.0559342976367478
MT1H	-0.704149038231781	10.566986505618	-3.72495294296691	0.000340146381964583	0.00886896249065316	0.0421690917721573
INSC	0.599512986857827	5.29048711235955	3.71346739420948	0.00035380803705589	0.00909491370118922	0.00645608633850703
EVI2B	0.945494341696536	9.15388383146067	3.71070665851945	0.000357168758299445	0.00909491370118922	-0.00211623391196092
MMP9	1.04434932437275	8.52119535955056	3.70048355740146	0.000369879789553599	0.00935560392962257	-0.033819683392573
TMEM163	0.684626646356035	5.40815866292135	3.69990228038602	0.000370615296614625	0.00935783170569112	-0.0356204130958808
MIR6732	0.720205336917561	8.69710696629213	3.69485870785359	0.000377055691254492	0.00947674621239713	-0.0512362205296908
PCED1B	0.594941185782557	6.61879159550562	3.69221050996231	0.000380479749414705	0.00950904194730538	-0.0594293357834639
SCGB2A1	-0.749674560334532	7.90813639325843	-3.68750404312842	0.000386638133419803	0.00960275981570074	-0.0739799015733142
IGHM	0.907710754480284	9.21554160674157	3.68616774013425	0.000388403865857976	0.00960275981570074	-0.078108776006979
HSD11B2	-0.676270866786144	10.7464365505618	-3.68529143476774	0.000389565933585701	0.00960313609558889	-0.0808157718564786
FAM101B	0.698643359020307	8.00121396629213	3.67663330783564	0.000401226375758929	0.00978513280582225	-0.107536466601651
ACE2	0.864699217443246	8.5012585505618	3.66555530258007	0.000416629667102533	0.0100642241442846	-0.141658700008055
CSGALNACT1	0.817911447431301	6.31916741573034	3.63958127442354	0.000454975643687436	0.0105815090083324	-0.22136867947672
CCR7	0.884316619474315	7.08001086516854	3.61557504665169	0.000493373913035074	0.0110977597193612	-0.294670561277503
GBP1	0.913653728793307	8.03885273033708	3.61220836198099	0.000498998488521364	0.0111745998535742	-0.304922087021044
UNC5CL	0.628635147550775	6.78739408988764	3.60990805401018	0.000502876406389086	0.0111886297080678	-0.311922465437145
PYY	-0.759401095579447	8.33246575280899	-3.59919215721772	0.000521321015774024	0.0114670572661986	-0.344490180676971
CSF3R	0.664990853643965	6.78314631460674	3.59640801789891	0.000526217057236321	0.0115525349341056	-0.352940048954803
PNLIPRP2	-1.49061809976105	7.55968303370787	-3.59334385283397	0.000531655881026215	0.0116229714115409	-0.362234220503335
RP11-38P22.2	-0.59980428972521	8.28186317977528	-3.59116159724862	0.000535561756306654	0.0116229714115409	-0.368849835301456
AIM2	0.777868197729989	6.59665630337079	3.57744832368052	0.000560735219196326	0.0119435557489154	-0.410354326745412
SASH3	0.693169165471924	7.91190648314607	3.55949125029645	0.000595395977501559	0.0124499802388717	-0.464525245839714
TNIP3	1.33540776881721	6.10034573033708	3.54240802991837	0.000630243960961915	0.0129536934869405	-0.515872101989259
NCF4	0.590588972520909	7.62614249438202	3.53126374854925	0.000654007410573191	0.0132970899095869	-0.549269224964896
RETNLB	-1.08861540501792	8.94176359550562	-3.53018659086404	0.000656348644175619	0.0133101130444573	-0.552493087240071
CXCL8	1.21491838112306	6.66393993258427	3.52647455626254	0.000664477703142991	0.0133808027615309	-0.563597340730373
MAOA	-0.595124834528074	10.507698247191	-3.51940300364502	0.000680227858601859	0.013622787693557	-0.584727181947737
THEMIS2	0.759984745519712	6.94721079775281	3.51625035136228	0.000687362743290662	0.0137299858432127	-0.594137110054877
LOC100129518	0.649001456989248	8.32241170786517	3.51525926013077	0.000689620289117474	0.0137299858432127	-0.597093982334542
SDR16C5	0.773648140382317	8.90798593258427	3.50254749891965	0.000719203824018687	0.0141102115593924	-0.634963571417813
PPP1R18	0.644329652329747	7.87443930337079	3.49894112682071	0.000727812603400797	0.0142302915516211	-0.645688590108069
TDO2	0.671081323178014	5.3396542247191	3.4938207877733	0.000740202676067974	0.0144355297678866	-0.660901769461796
CEP55	0.591732310633211	8.16311060674157	3.49068248120343	0.000747894831486778	0.0145359746517345	-0.670217811707682
CD177	-0.930739632616492	10.2391733595506	-3.48382904506686	0.000764956111439048	0.0147774528703271	-0.690540325075543
LILRB2	0.682708764635602	6.32371794382022	3.48024861666212	0.000774014851397185	0.0148716280424953	-0.701145437439665
SLC7A5	0.63228762246117	7.84343395505618	3.4773357361069	0.000781459237273624	0.0149846282580649	-0.709767242124852
TGFBI	0.976778988649938	10.414728741573	3.471645836391	0.000796196098063122	0.0151277258631993	-0.726593037583616
CXCR4	0.954066536439663	8.31996921348315	3.44929339633178	0.000856665646559975	0.0159585369142557	-0.792490922671693
TAGAP	0.610646802867384	5.87938517977528	3.44671054166243	0.000863925590682287	0.0160415274451688	-0.800084781628411
GMFG	0.603494440860215	8.03807119101124	3.44370332075735	0.000872451420335391	0.0161422013412136	-0.808920898032101
EPSTI1	0.679904466547194	8.07268657303371	3.43299084780192	0.000903471378420718	0.0164946618138486	-0.840349881097104
SLC2A3	0.622323222222223	6.45002031460674	3.43271891265832	0.000904272180166516	0.0164961167412195	-0.841146737040556
ACKR4	0.781307289127838	5.71809974157303	3.42416045955468	0.000929819753574735	0.0169082326572143	-0.866201234654693
RAB31	0.881759970131426	8.30421723595506	3.42214942319523	0.000935920704789185	0.016936342529029	-0.872081565993676
PDZK1IP1	0.811266946833928	9.51928729213483	3.40001515853229	0.00100560844956573	0.0176866157348172	-0.936629151908335
MMP3	1.92758145221027	8.25916192134831	3.39512427153816	0.0010216521580996	0.0178953405579528	-0.950848827026339
APOBEC1	0.81649336738351	7.61824491011236	3.38894581296781	0.0010422639061533	0.0181590473093395	-0.96878963107522
MT1X	-0.602908224611708	10.564869258427	-3.38574115267249	0.00105310832092775	0.0183061595361271	-0.978085387800808
MICB	0.708371232377535	7.39136916853933	3.38318740833017	0.00106182595771181	0.0184436830741195	-0.985488221100164
APOL3	0.626656200716845	7.60787346067416	3.3806928925108	0.00107040689968247	0.0185645399826657	-0.992715238654408
PDE4B	0.674845658900835	5.98976271910112	3.37262934457511	0.00109859311014785	0.0189528797621106	-1.01604874356829
NFKBIZ	0.662599718637992	10.1447008764045	3.37262807732201	0.00109859759418424	0.0189528797621106	-1.01605240726873
FAM26F	0.669307070489843	6.37569656179775	3.36640504377555	0.00112082582877711	0.0191916254933422	-1.03403082992008
HCLS1	1.02651083094385	8.86411461797753	3.36157300820342	0.00113837633645322	0.0193617078607463	-1.0479730852445
ARHGAP9	0.625428226403823	7.45798494382022	3.34372942899505	0.00120544919023014	0.02027636446743	-1.09932530237033
CXCL6	1.2237745609319	5.66875788764045	3.34286520072078	0.00120879018566914	0.0202995859974466	-1.10180713849733
PTGDS	0.78329032497013	8.72628740449438	3.33360499527556	0.00124513888560143	0.020625486710368	-1.12836900719222
MMP10	1.31066815890084	6.19171224719101	3.32493181461893	0.00128011170596069	0.0209769594452412	-1.15319555094433
S100A12	0.94221186260454	5.73072512359551	3.32287447381637	0.00128854171964238	0.021057389920117	-1.15907726349073
IRF1	0.669928798088414	9.65758078651685	3.32283549127073	0.00128870195349553	0.021057389920117	-1.15918868320259
A1CF	-0.589509667264034	8.56751564044944	-3.32147810849875	0.00129429301385206	0.0210696055685221	-1.16306771834225
UGT1A1	-0.598316571684593	8.06000875280899	-3.3115178452937	0.0013360209541701	0.0215231093997149	-1.19149401254001
GUCA2B	-1.12326538948626	8.90256103370787	-3.31001877057628	0.00134240942320991	0.0215581908492248	-1.19576661285723
ITGB2	0.589789278375153	7.35137803370787	3.30856727741774	0.00134862240975696	0.0215765332356728	-1.19990217219627
HOXB13	-0.768855254480288	8.66374919101124	-3.30636129437857	0.00135811658107164	0.0217108839333298	-1.20618471840293
TMED6	-0.703239566308246	7.24193466292135	-3.305475769572	0.00136194532826758	0.0217494116943739	-1.2087057433263
TMEM71	0.704308069295103	6.64495753932584	3.30251997181039	0.00137479872714866	0.0217494116943739	-1.21711690020637
DRAM1	0.713955998207887	7.92149549438202	3.30169268285547	0.00137841654452367	0.0217494116943739	-1.21947002880312
MMP12	1.76227735483871	10.0480178876404	3.29700686311558	0.00139907713237202	0.0219618962472146	-1.23278968546733
ANXA13	-0.590613348864991	9.68594419101124	-3.28839558352314	0.00143780469644386	0.0223142606756105	-1.25722939087341
TMEM158	0.929824651732376	7.60042808988764	3.28596383665716	0.00144892156460708	0.0224259334992906	-1.26412195980935
MS4A1	1.15386563261649	6.71940373033708	3.28560460527656	0.00145057062257121	0.0224328663325392	-1.2651398334158
SNX10	0.773867394862607	7.9483684494382	3.27596926210612	0.00149546351820202	0.0227764470322167	-1.29240908499031
KCNJ2	-0.671279778972517	8.40735493258427	-3.27226536020257	0.00151306442802906	0.022922425069929	-1.30287502979081
IGLV4-60	0.600441245519714	7.46695713483146	3.27050843941213	0.00152148096571442	0.0230194434997904	-1.30783625842501
CYTIP	0.807771050776582	8.02615439325843	3.25867509645604	0.00157932077589435	0.0235389579717731	-1.34119742555727
CCL20	1.08955983870968	10.3934082134831	3.25438393558916	0.00160079918315409	0.0237791442297617	-1.35327199254769
IFI16	0.602956654121867	8.6995517752809	3.25324531190572	0.00160654401741046	0.0238300834482597	-1.35647379401037
PRAC1	-1.03683429749104	10.403265494382	-3.24826320121604	0.00163190847968728	0.0239653201745664	-1.37047316578954
PLEK	0.800526008960571	8.07367135955056	3.24810119812499	0.00163273951075238	0.0239653201745664	-1.37092810153286
CSF2RB	1.25170355854241	8.74803256179775	3.24456742370107	0.00165096560309237	0.0240864088879726	-1.38084720709032
GBP5	0.844479630824376	6.75673329213483	3.22831209020399	0.001737283279252	0.0249858714909281	-1.42636621417492
BST2	0.64034108841099	7.74941712359551	3.21724145417051	0.0017984651932793	0.0255963232397215	-1.45726421919037
MX1	0.623338807048988	8.68494639325843	3.21630369136922	0.00180373918870953	0.0255969836730268	-1.45987767795528
LAX1	0.816645521505377	7.81356846067416	3.21261539154614	0.00182462275817108	0.0257973239900628	-1.47015082796597
FCN1	0.73955410155317	6.22208595505618	3.20831694122022	0.00184924602504562	0.0259370644199532	-1.48211176828215
CD38	0.798550088410989	7.54610513483146	3.18434242758777	0.00199237053109113	0.0272837095442681	-1.54859243895848
FCGR1B	0.762552382317798	6.07988830337079	3.17338915543236	0.00206114273084121	0.027932879804931	-1.57883468913734
LCP1	0.663679668458778	9.38718808988764	3.15810266690339	0.00216082844320549	0.0289369368904389	-1.62090333692518
NOS2	0.680152609916367	7.1841153258427	3.15795767476907	0.0021617951191537	0.0289369368904389	-1.62130158780392
AQP9	1.01431544205496	7.29734884269663	3.14611791830785	0.00224210605410171	0.0296991386397069	-1.65377301934316
GZMK	0.792831026284347	7.3413755505618	3.12617066961899	0.00238372580349884	0.0311067378669934	-1.7082608175513
LAMP3	0.946681529271204	7.55639315730337	3.12061110133865	0.00242465581762749	0.0314079425164475	-1.7233981840241
HCAR3	1.35539182019116	6.72801905617978	3.1187838261257	0.00243825052568499	0.0314943975170737	-1.72836873003012
GIMAP2	0.617183116487459	8.47211801123595	3.11609975893535	0.00245834829961778	0.0316304512342945	-1.73566571223516
HLA-DPA1	0.975973250298683	10.2352256629213	3.10838235342372	0.00251699654927292	0.0320594727512067	-1.7566185684178
ADM	0.693163681600954	10.5945316629213	3.10028387813375	0.00257993795443481	0.0326430645163997	-1.77856145074992
SRGN	0.678093912186378	8.37492558426966	3.09868633968889	0.00259252554899304	0.0326805807828629	-1.78288459541142
SLC16A9	-0.889476535244924	8.92915480898876	-3.09359792361053	0.00263300056496739	0.0329860465083209	-1.79664263533624
SST	-0.900430180406213	9.50275117977528	-3.09215644905086	0.00264457284102612	0.0331046654010303	-1.80053680303005
ZG16	-0.68504512485066	13.3592591460674	-3.06743995314847	0.00285049797886429	0.034743481463688	-1.86708264597528
MEP1A	-0.634210329151731	11.6289984831461	-3.05961120722537	0.0029187651791139	0.0353840340420824	-1.88807114284942
SELP	0.654429297491043	6.85479601123595	3.05807201304379	0.00293236424475442	0.0354175102761362	-1.89219258094432
SLC16A1	-0.654592411589011	7.63514561797753	-3.04894323822872	0.00301423423574188	0.0361392150821967	-1.91660205549694
CHI3L2	0.693921283751494	6.30112076404494	3.04563137735143	0.00304445653069225	0.0364252027176338	-1.92544314008545
RHOH	0.660844310633212	6.86811704494382	3.03869298138274	0.00310868571669159	0.0369424906259931	-1.94394024822847
PLA2G2A	0.720838214456393	11.8830689213483	3.02736863638728	0.00321621964308979	0.0379287316147878	-1.97405681053877
EGFL6	0.698016691158902	5.18701633707865	3.02733465539539	0.00321654744416368	0.0379287316147878	-1.97414704484339
IL1B	1.05483856630825	8.58082047191011	3.02593322138028	0.00323009350988158	0.0380100921461168	-1.97786774905614
CASP5	0.764530797491041	9.03688893258427	3.0254030147351	0.00323523217755954	0.0380509878117491	-1.9792750460054
CXCL11	1.34382412903226	5.90186214606742	3.01317329399612	0.00335588266343189	0.0389296003086551	-2.01168037297281
TREM1	0.758931551373957	6.07528174157303	3.00852295149515	0.00340284309039294	0.03916791641931	-2.02397461608455
LYZ	0.917234479091999	10.2319843707865	2.99861705268654	0.00350491002268771	0.0398750308468304	-2.05011185469231
IGLJ3	0.626605752688173	8.83594153932584	2.9792970797087	0.00371217046041784	0.0414850673718493	-2.10088739748763
SLCO1B3	0.668610199522102	5.0412091011236	2.95249559844561	0.00401848007700009	0.0436527624679411	-2.17088315250457
CXCL9	1.31565181899642	8.64921426966292	2.95170374186612	0.00402787516328827	0.0436954915579654	-2.17294335322
ABCB1	-0.700796639784945	7.87141592134831	-2.95165913982914	0.00402840495260312	0.0436954915579654	-2.17305938247163
CA7	-0.608216449223416	8.36166513483146	-2.94514668149239	0.00410645472900008	0.0442900793873673	-2.18998575081315
GPR65	0.743368952210271	7.1014658988764	2.92953327698615	0.00429929216507247	0.0455748876590351	-2.2304417020574
STAP1	0.597097864994024	6.00854911235955	2.92816448296098	0.00431658978972565	0.0457332824718236	-2.23398000161931
TLR2	0.593619772998808	7.39358913483146	2.92448818052346	0.00436336570320375	0.045892576471949	-2.24347645292113
GEM	0.818348897849463	7.43923741573034	2.92349965048291	0.00437602284527681	0.0460045489929009	-2.24602831023168
IL13RA2	0.937173948626045	5.8903598988764	2.91669112731708	0.00446412235476179	0.0466946790066442	-2.26358508086924
NLRC3	0.640166783751495	6.60930880898876	2.91370164077918	0.00450331889228536	0.0469329945238815	-2.27128330417019
IFIT3	0.703123586021504	8.11728076404494	2.91259177660194	0.00451795134358711	0.04702379860738	-2.27413966581742
CXCL13	1.61166641577061	7.41620668539326	2.9041073743351	0.00463126479668684	0.0478306155706583	-2.29594572430449
RASGRP1	0.600564323178014	6.83534402247191	2.90022181410528	0.00468402689921855	0.0481581120658533	-2.30591469510519
IL33	0.700253397252092	5.96292126966292	2.89785266007509	0.00471646862181533	0.048382931028093	-2.31198772183433
